<NM=1.0NF> Genotypes Harmonia axyridis 4 pops pour test METHODE INFUSION scenario introduction in Western Europe - 2.5G per year t_eur=2001 t_ENA=1987 t_EBC=1982 (lombaert et al. 2010, 2011, 2014 - samples/data = Table S1 in Lombaert et al. 2011) Pop1 = Chine Pop2 = Biocontrol Pop3 = East_North_America Pop4 = Western_Europe
HA244 <A>
HA201 <A>
HA555 <A>
HA605 <A>
HA281 <A>
HA627 <A>
HA565 <A>
HA234 <A>
TG-267 <A>
HA005 <A>
TG-200 <A>
TG-253 <A>
ATCT-105 <A>
TG-194b <A>
TG-215 <A>
TG-223 <A>
HA282 <A>
HA094 <A>
POP Chine_Jilin_2006
Jili01 ,   087097 308310 079081 138138 136136 226230 332332 128134 179181 277277 110110 184184 242242 080080 178180 000000 098098 357357
Jili02 ,   083083 312312 077077 138138 138138 234234 332332 132132 177179 275279 110110 184186 240242 080083 174178 233233 098098 358358
Jili03 ,   081095 310317 083087 140157 000000 225232 000000 132144 181181 277279 110110 184184 240242 080083 176180 233233 098098 359374
Jili04 ,   081089 314314 079079 138140 136136 233241 332332 130132 181183 277279 110112 184186 240242 080080 174176 233233 098098 357358
Jili05 ,   083085 314314 079079 140140 136136 227231 330330 128130 181183 275275 110110 182184 240242 080080 178178 233233 098098 358358
Jili06 ,   085103 310312 085085 140153 136137 234234 332334 000000 181183 279279 110110 184186 241242 080083 176176 233233 098098 356358
Jili07 ,   087089 310314 079081 138140 136138 233235 332332 000000 181187 277277 110110 184188 242242 080083 176180 233233 098098 357357
Jili08 ,   087093 310312 077083 138149 136136 232232 332332 126132 179181 277277 110110 184186 242242 077080 174176 233233 098098 357357
Jili09 ,   081087 310310 077083 158161 136136 232235 332332 132132 181183 277277 108110 186188 242242 080080 176178 233233 098098 357358
Jili10 ,   083087 308314 079081 138138 136142 233238 332332 130132 179181 279281 110110 184184 240241 080080 176178 232233 098098 358359
Jili11 ,   089105 314314 083085 130146 136138 230242 332332 130132 179181 279279 110110 184190 242242 080080 178178 233233 098098 357357
Jili12 ,   085087 306310 079081 138138 138138 228230 332332 132132 179179 277277 110110 184184 242243 080080 176178 233235 098098 357358
Jili13 ,   081089 310310 079085 138138 136136 235235 332332 134134 181181 277279 110110 180183 240242 080083 176178 233233 098098 357358
Jili14 ,   089089 306310 077083 138138 133138 241243 332332 132138 181181 277279 110110 184184 240241 080080 168178 233233 098098 358358
Jili15 ,   085087 312314 075079 138142 137137 227235 332332 130132 177181 277277 110110 184184 240242 083083 178178 233233 098098 364364
Jili16 ,   085085 312314 077081 138138 138138 231235 332332 130130 181183 000000 110110 185186 240242 080083 180180 229233 098098 358359
Jili17 ,   081087 308308 079079 138144 137139 229236 000000 126126 179183 277277 110110 179184 242242 080080 178178 233233 098098 358359
Jili18 ,   085085 306316 079079 136169 137137 229232 332332 132132 179179 277279 110110 184184 242246 080080 176178 233233 098098 358359
Jili19 ,   085087 310310 079079 138138 136138 232241 331331 128134 181181 277277 110110 184184 241242 080083 174174 233233 098098 359359
Jili20 ,   085087 314316 079081 136151 133133 227235 000000 132134 179181 000000 110110 184185 240242 080083 171176 233233 098098 357363
Jili22 ,   086087 314316 079089 140143 135136 227239 330330 128132 179179 277279 110110 188210 241242 083083 178178 233233 098098 358358
Jili23 ,   081087 310310 079081 138144 136137 242242 332332 130130 179181 279279 110110 188188 242242 083083 171176 229233 098098 358358
Jili24 ,   103103 310312 079079 138149 138138 233242 332332 128132 177181 277279 110110 186186 239240 080083 174176 000000 098098 357358
Jili25 ,   083107 310314 075081 138144 137137 228235 332332 132132 177179 275277 110110 184184 240240 080080 176178 233233 098098 358358
Jili26 ,   086087 308320 079087 142151 137138 230231 332332 132136 179181 277277 110110 184186 242242 080080 174174 233233 098098 358358
Jili27 ,   083089 308312 079079 138138 136138 234240 332332 132138 181181 277277 110110 184186 240243 080083 176178 233233 098098 358358
Jili28 ,   081087 310312 081087 138142 138138 232233 332332 130134 181183 279279 110110 183184 242242 080083 175178 233233 098098 358359
Jili29 ,   087097 312314 079083 138151 135136 233235 332332 128128 181181 277279 108110 184186 240242 080080 176176 233233 098098 358358
Jili30 ,   081081 312312 077081 136151 136138 233233 332332 130136 181185 277277 110110 183184 240242 080080 178178 233233 098098 357358
POP Biocontrol_biobest_2007
Best01 ,   081091 306310 079085 138157 139139 235235 332332 126136 187187 275279 110110 182184 242242 080083 174178 233235 098098 358365
Best02 ,   081091 314314 079085 138142 143143 235235 332332 126136 187187 279279 110110 182184 242242 080080 174178 233235 098098 365365
Best03 ,   081091 306314 085085 142142 143143 235242 332332 136136 187187 279279 110110 184184 242242 080080 178178 235235 098098 358358
Best05 ,   081087 308314 085085 138138 000000 235235 332332 136136 187187 279279 110110 182184 240242 080080 174180 233235 098098 365365
Best06 ,   087091 306314 079079 142142 000000 235235 332332 126136 187187 279279 110110 182184 242242 080080 174178 235235 098098 365365
Best07 ,   081087 306314 085085 138138 143143 235235 332332 126126 177187 279279 110110 182182 240242 080083 174178 233235 098098 350365
Best08 ,   081081 306314 085085 138138 143143 235235 332332 136136 177187 279279 110110 182182 240242 080080 178180 233235 098098 365365
Best10 ,   087091 306314 079085 138142 000000 235235 000000 126126 187187 279279 110110 182182 240242 080080 174174 235235 098098 365365
Best11 ,   081091 314314 079085 138138 143143 235235 000000 126136 187187 276279 110110 000000 240242 080080 178178 233235 098098 000000
Best12 ,   081091 306314 085085 138138 143143 235235 000000 126136 187187 279279 110110 182182 242242 080080 174174 235235 098098 365365
Best13 ,   081087 306314 079079 138138 000000 235235 332332 126136 187187 279279 110110 182184 240240 080080 174178 233235 098098 000000
Best14 ,   081087 306314 085085 138142 000000 235235 000000 126126 187187 279279 110110 000000 240242 080080 174174 235235 098098 000000
Best15 ,   091091 314314 079079 138138 000000 235235 332332 126126 187187 279279 110110 182182 240242 080080 174178 233235 098098 365365
Best17 ,   087087 306314 079085 138142 137137 235235 000000 126126 187187 279279 110110 182184 240242 080080 174178 233235 098098 365365
Best18 ,   081087 306314 079085 138142 000000 235235 332332 126126 187187 279279 110110 182182 240242 080080 174174 235235 098098 000000
Best19 ,   081087 306314 079085 138138 000000 235242 332332 126136 187187 279279 110110 182182 242242 080080 178178 233233 098098 365365
Best20 ,   081081 314314 079085 138138 000000 235235 332332 126126 187187 279279 110110 182182 240242 080080 174178 233235 098098 000000
Best21 ,   081087 306314 079085 138142 000000 235235 332332 126136 187187 279279 110110 182182 240242 080080 174174 235235 098098 000000
Best22 ,   081091 306314 079079 142142 139143 235235 000000 136136 187187 279279 110110 000000 242242 080080 178178 235235 098098 000000
Best23 ,   091091 306314 079085 138142 000000 235235 332332 126126 187187 279279 110110 182184 242242 080080 174174 233235 098098 000000
Best24 ,   081091 306314 085085 138138 000000 235235 332332 126126 187187 279279 110110 184184 242242 080080 178178 233235 098098 365365
Best25 ,   081081 314314 079085 138142 000000 235235 332332 126126 187187 279279 110110 182184 242242 080080 174178 235235 098098 365365
Best26 ,   081091 306310 079085 138138 139139 235235 332332 126136 187187 279279 110110 182184 242242 080080 178178 233235 098098 358365
Best27 ,   081087 306314 085085 138138 143143 235235 332332 136136 187187 279279 110110 182182 240242 080080 174178 233235 098098 365365
Best28 ,   087091 306314 085085 138138 000000 235235 000000 126126 187187 279279 110110 182182 242242 080080 178178 235235 098098 000000
Best29 ,   081081 308314 085085 138138 000000 235235 332332 126136 177187 279279 110110 182184 240242 080080 174178 233235 098098 000000
Best30 ,   081091 306314 085085 138138 000000 235235 332332 126126 187187 276279 110110 182182 240242 080080 174178 233235 098098 000000
POP East_North_America_Louisiane_2007
Lou01 ,    087089 306308 079079 134152 138138 232234 332332 128130 181181 279279 110110 184184 240242 080080 178178 233233 098098 357357
Lou02 ,    087089 310314 079081 138138 138141 232233 332332 132132 000000 277277 110110 184186 242242 080083 176176 233233 098098 000000
Lou03 ,    083089 310312 077081 138148 136136 227232 332332 130130 179181 275279 110110 184188 240242 080080 176180 233233 098098 359359
Lou04 ,    087087 314314 081089 138152 137137 000000 332332 132132 177183 277277 110110 184188 239242 080080 176176 233233 098098 356357
Lou05 ,    085093 310310 077077 152155 138141 227232 332332 130138 179181 277277 110110 184184 238240 080080 176176 233237 098098 358358
Lou06 ,    083083 310317 077079 136173 000000 227235 332332 132132 181181 279279 110110 184184 241242 080080 170174 233233 098098 358358
Lou07 ,    085089 306306 079083 140149 138138 229233 332332 130132 179181 275279 110110 000000 240243 080083 176178 233233 098098 000000
Lou08 ,    081093 312312 077077 138152 136138 232233 332332 132132 181181 281281 110110 184184 240242 080080 174178 233233 098098 357358
Lou09 ,    083087 306317 081085 134140 138138 000000 000000 130130 179181 279279 108110 000000 242242 080083 178178 233233 098098 000000
Lou10 ,    085087 310310 079083 149152 134134 229230 332332 130130 179179 279279 110110 183185 242242 080080 182182 233233 098098 358358
Lou11 ,    083085 306310 079079 138140 138139 228233 332332 000000 179179 277277 110110 000000 240242 083083 174176 233233 098098 357358
Lou12 ,    083087 310310 079079 138149 134136 230232 332332 128132 181183 275275 110110 184188 242242 080080 176176 233233 098098 357358
Lou13 ,    083089 314314 079085 152152 136138 000000 332332 130132 183183 277277 110110 184188 242242 080083 176178 233233 098098 000000
Lou14 ,    083085 310312 083085 138173 137138 227227 332332 128130 179181 277277 110110 182184 243243 080080 174178 233233 098098 356358
Lou15 ,    081093 310312 083083 134140 135135 227229 332332 130134 179181 275279 110110 185185 239242 080083 176178 233233 098098 357357
Lou16 ,    085093 306318 083083 138152 137141 231233 000000 130133 177185 277277 110110 184184 242242 080083 176176 233233 098098 358358
Lou17 ,    085085 310312 083083 129155 127137 230240 332332 000000 177181 275275 110110 182184 242242 080080 176176 233233 098098 358358
Lou18 ,    083095 312318 077079 129149 136138 227229 332332 132132 177183 277277 110110 184188 239242 080080 176176 233233 098098 356357
Lou19 ,    083083 000000 079081 140149 139141 000000 000000 130130 181181 277279 000000 000000 240242 080080 178178 233233 098098 000000
Lou20 ,    085090 310314 079079 134138 134136 227227 332332 132138 181183 277279 110110 184184 240240 080083 176176 233233 098098 356356
Lou21 ,    085087 311315 079081 138149 136142 227227 000000 132132 181185 275277 110110 000000 242242 080083 178180 233233 098098 000000
Lou22 ,    081090 306314 077079 138140 136138 227235 332332 132132 181183 277277 110110 182188 240242 080083 178178 233233 098098 000000
Lou23 ,    083085 310310 077079 136138 137141 227239 332332 128128 177187 275275 110110 185185 240242 080083 178182 233233 098098 358358
Lou24 ,    081083 306310 079083 140153 138138 230230 332332 132132 179181 277277 000000 182188 240242 080083 176178 233233 098098 351359
Lou25 ,    091091 312314 079081 129129 134138 230232 332332 132132 179183 277279 110110 184185 240242 080080 176176 233233 098098 358358
Lou26 ,    081095 310310 079079 138138 138141 235257 332332 130132 181181 279279 110110 182184 240242 080083 178178 000000 098098 000000
Lou27 ,    083085 312314 077089 129152 141141 233234 332332 128130 179181 277279 110110 184185 242242 080080 176180 233233 098098 358358
Lou28 ,    081083 306310 083083 129138 138139 227227 332332 128130 181181 277277 110110 184185 240242 080080 176176 233233 098098 357358
Lou29 ,    081093 310310 077079 138148 134141 227227 332332 132132 179181 279279 110110 184184 240243 083083 180180 233233 098098 000000
Lou30 ,    087087 306308 079079 129140 135136 227227 332332 130132 181187 277279 110110 184184 240242 080080 174176 233233 098098 000000
Lou31 ,    089095 306312 081083 138140 138138 227232 332332 128132 177179 275277 110112 184184 242243 080080 176182 233233 098098 358358
Lou32 ,    083087 308312 079083 141152 136137 227230 332332 128130 181181 275277 110110 184184 242248 080080 180182 233237 098098 357357
Lou33 ,    083085 310310 079083 138173 136137 227234 332332 128134 177183 279279 110110 184184 243243 080080 176180 233233 098098 358358
Lou34 ,    083087 310312 079079 141153 136137 227232 332332 132132 179183 279279 110110 184184 242248 080080 176176 233233 098098 358358
POP Western_Europe_Gent_2007
Gent01 ,   083087 306308 079081 138142 136138 228235 332332 132136 177185 277277 110110 182188 236242 083083 176182 233235 098098 357359
Gent02 ,   083093 310310 079079 142155 141143 227227 332332 136136 177177 276279 110110 184186 242242 080080 180180 233233 098098 357358
Gent03 ,   085091 310310 085089 138141 136137 235242 331332 126134 179187 277279 110110 184186 242243 083083 176178 233235 098098 358358
Gent04 ,   081083 310312 083091 138138 137137 231235 332332 130132 177187 277277 110110 185185 240242 083083 180180 233235 098098 357358
Gent05 ,   081085 310310 079081 142155 139139 231235 332332 126134 177185 277279 110110 182188 240242 080083 175176 233233 098098 350358
Gent06 ,   081085 310310 083091 153157 139143 231235 332332 132138 179187 277277 110110 185185 240242 083083 176178 233235 098098 358383
Gent07 ,   081091 306310 079083 138142 139139 233233 332332 136136 177181 277279 110110 182184 242242 080083 170180 235235 098098 357357
Gent08 ,   093095 308314 079081 138138 139143 229230 332332 132138 179181 277279 110110 184185 242243 080083 178182 233233 098098 357358
Gent09 ,   083087 312314 089091 142142 136137 230246 332332 126126 177181 279279 110110 184184 240242 080080 174180 233235 098098 365365
Gent10 ,   087091 306314 079091 138157 139139 235239 332332 126132 177179 277277 110110 184185 242243 083083 178182 233235 098098 358358
Gent11 ,   081087 310310 079081 138140 136137 231235 332332 134136 179181 277277 110110 182184 236243 083083 178178 233235 098098 357383
Gent12 ,   089091 306310 079085 134142 137143 227234 332332 132136 177181 279279 110110 184184 240242 080083 176176 233233 098098 357358
Gent13 ,   081093 306312 079085 138157 139139 227233 328332 132132 179179 277279 110110 184186 240240 080083 176180 233233 098098 358365
Gent14 ,   081087 310312 085085 142157 136136 233235 332332 126132 177179 275275 108110 184185 240242 080083 176176 233233 098098 350358
Gent15 ,   087091 306306 089089 138157 141143 228240 332332 126126 183187 277277 110110 184184 240242 080083 176180 235235 098098 357359
Gent16 ,   083091 312314 079079 157171 136136 231232 332332 130132 177185 277279 110110 182184 240242 080083 176178 235235 098098 358365
Gent17 ,   089091 308310 079081 138138 136136 231235 332332 134134 177181 277277 110110 182196 240242 080083 176180 235235 098098 357358
Gent18 ,   081093 310317 079085 142142 139139 230235 332332 126126 181181 277279 110110 184184 236240 080083 174180 235235 098098 358365
Gent19 ,   081090 308314 079079 142153 139139 230235 332332 126126 177181 277277 110110 184185 242242 080080 175180 233235 098098 357358
Gent20 ,   083083 306314 091091 138153 139139 227230 332332 132136 181185 265277 110110 000000 240242 080083 176178 233235 098098 358358
Gent21 ,   083085 310310 079083 138157 141143 232235 332332 126128 179179 275279 110110 184188 240242 080083 176176 233233 098098 357365
Gent22 ,   081087 310310 083089 138142 136138 234238 332332 126132 179179 277277 110110 182184 240242 080083 176176 233233 098098 357365
Gent23 ,   083091 312314 085085 138142 133138 234240 332332 130136 177179 277279 110110 182182 240242 080083 174176 233233 098098 357357
Gent24 ,   081089 310314 079091 138138 133133 227235 332332 126130 179185 277279 108108 000000 242242 080080 174180 233235 098098 350358
Gent25 ,   085093 308310 085085 138149 139139 235240 332332 000000 181187 275277 110110 182182 242242 080080 176178 232233 098098 358358
Gent26 ,   081087 306308 079081 138138 137141 227235 332332 126128 181185 279279 110110 184184 236242 080080 176180 233235 098098 357365
Gent27 ,   090091 312312 083091 138138 136136 240246 332332 000000 181181 277277 110110 184184 240243 083083 176178 235235 098098 357358
Gent28 ,   081093 310317 079079 142157 136137 231237 332332 126136 177177 277279 110110 184184 240242 080083 174178 233235 098098 358359
Gent29 ,   083083 310312 077091 138142 136138 231235 332332 128132 177185 265277 110110 185186 240240 080080 180180 233235 098098 358365
Gent30 ,   081081 310310 079085 138142 143143 235235 332332 134136 177185 277277 110110 182182 240240 083083 176180 233235 098098 350358
Gent31 ,   083085 314314 089091 138142 138138 227246 332332 130132 181183 279279 110110 182184 240242 080080 180180 233233 098098 358365
Gent32 ,   083083 314317 079079 142152 139143 227230 332332 136136 181187 277279 110110 183183 240242 080083 178180 233235 098098 359383